34,213
35,212
35,211
0,427
35,210
0,426
99,35
34,80
34,79
34,125
34,81
34,1
34,304
14,7
3,2
3,1
3,3
10,284
10,154
10,132
10,205
10,112
10,148
10,298
10,1
10,309
11,20
11,8
11,11
11,27
11,26
11,29
9,5
8,6
8,15
8,7
8,17
12,2
12,1
12,3
20,2
20,1
20,3
19,2
19,1
19,3
14,3
13,1
13,3
35,302
35,280
35,279
35,278
35,277
35,276
35,275
35,274
35,273
35,272
35,271
35,270
35,269
35,268
35,267
35,266
35,265
35,264
35,263
35,262
35,261
35,260
35,259
35,258
35,257
35,256
35,192
35,191
35,190
35,189
35,188
35,187
35,186
35,185
35,184
35,183
35,182
35,181
35,180
35,179
35,178
35,177
35,50
35,49
35,48
35,47
35,46
35,45
35,44
35,43
35,42
35,41
35,40
35,1
34,314
34,313
34,312
34,311
34,310
34,309
34,308
34,307
34,306
34,305
34,303
34,302
34,301
34,300
34,299
34,298
34,297
34,296
34,295
34,294
34,293
34,292
34,291
34,290
34,289
34,288
34,287
34,286
34,285
34,284
34,283
34,282
34,281
34,280
34,279
34,278
34,277
34,276
34,275
34,274
34,273
34,272
34,271
34,270
34,269
18,3
18,1
14,1
14,8
11,28
11,24
11,22
11,17
11,13
11,10
11,9
11,3
11,2
11,1
10,3
10,2
9,7
9,6
9,4
9,3
9,2
9,1
8,18
8,16
8,13
8,11
8,5
8,1
8,4
8,3
8,2
2,3
2,2
2,1
34,3
0,318
0,0
0,9
99,34
99,33
99,32
99,31
99,30
99,29
99,28
99,27
99,26
